chr4	27350	28370	2	2	1	0	1	32
chr4	34132	41595	2	2	1	0	1	32
chr4	48512	49532	2	2	1	0	1	32
chr4	54000	56499	2	2	1	0	1	32
chr4	71089	71141	2	2	1	1	0	30
chr4	71307	71370	2	2	1	2	0	33
chr4	73011	76456	2	2	1	2	0	25
chr4	86148	86625	2	2	1	1	0	14
chr4	87365	87465	2	2	1	42	0	36
chr4	87618	87673	2	2	1	1	0	1
chr4	93221	93442	1	1	1	1	0	36
chr4	95792	103263	1	1	1	1	0	3
chr4	139406	139463	2	2	1	3	0	32
chr4	139558	140513	2	2	1	1	0	28
chr4	152914	153811	1	1	1	1	0	36
chr4	153862	154213	1	1	1	1	0	23
chr4	159201	160895	1	1	1	1	0	10
chr4	175592	175652	2	2	1	4	0	32
chr4	175774	176390	2	2	1	4	0	22
chr4	179204	179269	2	2	1	1	0	13
chr4	179331	179847	2	2	1	1	0	1
chr4	181088	181150	2	2	1	1	0	33
chr4	194791	195410	2	2	1	1	0	5
chr4	195595	195735	2	2	1	1	0	17
chr4	199661	199717	2	2	1	1	0	7
chr4	231113	231183	1	1	1	1	0	4
chr4	232421	232479	1	1	1	2	0	19
chr4	232609	233253	1	1	1	2	0	26
chr4	233356	233416	1	1	1	1	0	23
chr4	328916	329056	1	1	1	1	0	2
chr4	329706	330164	1	1	1	2	0	28
chr4	330260	330319	1	1	1	2	0	17
chr4	330644	330704	1	1	1	5	0	34
chr4	333925	333982	2	2	1	1	0	24
chr4	363687	369620	2	2	1	1	0	24
chr4	370051	370106	2	2	1	1	0	11
chr4	370670	371228	2	2	1	1	0	35
chr4	371317	371390	2	2	1	1	0	31
chr4	372454	372509	2	2	1	1	0	18
chr4	372753	372806	2	2	1	3	0	15
chr4	375188	375305	2	2	1	2	0	7
chr4	375852	375935	2	2	1	1	0	7
chr4	376108	379175	2	2	1	1	0	18
chr4	380985	381212	1	1	0	1	0	26
chr4	383761	384119	1	1	1	1	0	7
chr4	385568	386299	1	1	1	3	0	16
chr4	387389	390132	1	1	1	0	1	1
chr4	459545	459600	2	2	1	1	0	9
chr4	462078	462805	2	2	1	1	0	18
chr4	463016	463489	2	2	1	1	0	11
chr4	467662	467726	1	1	1	1	0	35
chr4	467862	470549	1	1	1	1	0	30
chr4	471136	471815	1	1	1	1	0	35
chr4	472081	473243	1	1	1	1	0	24
chr4	473517	473597	1	1	1	1	0	23
chr4	488621	491639	1	1	1	1	0	35
chr4	524765	536207	1	1	1	2	0	21
chr4	536258	542098	1	1	1	3	0	31
chr4	552410	553408	1	1	1	1	0	36
chr4	553553	553608	1	1	1	1	0	28
chr4	556507	557591	1	1	1	2	0	33
chr4	557702	557800	1	1	1	2	0	14
chr4	559231	559284	1	1	1	1	0	36
chr4	568770	569884	2	2	1	1	0	15
chr4	570248	570339	2	2	1	1	0	17
chr4	572007	572616	2	2	1	1	0	29
chr4	595055	595960	1	1	1	1	0	25
chr4	596952	597604	1	1	1	1	0	21
chr4	606399	606465	1	1	1	1	0	5
chr4	636550	636630	1	1	1	1	0	21
chr4	636808	637929	1	1	1	1	0	17
chr4	637978	638973	1	1	1	1	0	10
chr4	639103	639161	1	1	1	1	0	12
chr4	639258	639318	1	3	1	2	0	35
chr4	639690	640239	1	1	0	1	0	25
chr4	639690	640262	1	1	1	1	0	1
chr4	640804	640879	1	1	1	1	0	30
chr4	645290	645397	2	2	1	2	0	29
chr4	673460	673526	2	2	1	1	0	24
chr4	673678	674495	2	2	1	1	0	18
chr4	674675	675130	2	2	1	2	0	16
chr4	675425	675686	2	2	1	1	0	21
chr4	678311	678527	2	2	1	2	0	37
chr4	802296	803799	2	2	1	1	0	31
chr4	804564	806817	2	2	1	1	0	17
chr4	886269	886327	2	2	1	1	0	37
chr4	892473	892537	2	2	1	1	0	15
chr4	892852	893839	2	2	1	2	0	17
chr4	894198	894260	2	2	1	1	0	14
chr4	894787	894871	2	2	1	1	0	3
chr4	896111	896168	2	2	1	1	0	32
chr4	896337	896739	2	2	1	2	0	22
chr4	896866	896921	2	2	1	1	0	29
chr4	897821	899476	2	2	1	1	0	1
chr4	903708	903768	2	2	1	1	0	23
chr4	903989	904192	2	2	1	1	0	10
chr4	904268	906385	2	2	1	2	0	37
chr4	927674	927740	1	1	1	1	0	25
chr4	936180	936242	2	2	1	1	0	22
chr4	936345	936462	2	2	1	1	0	25
chr4	936686	936746	2	2	1	1	0	5
chr4	937717	937900	2	2	1	1	0	13
chr4	939108	939161	2	2	1	1	0	28
chr4	946313	946393	2	2	1	2	0	19
chr4	946575	946636	2	4	1	1	0	5
chr4	972704	972763	2	2	1	1	0	32
chr4	974526	974645	2	2	1	1	0	14
chr4	1034395	1034943	2	2	1	1	0	5
chr4	1035153	1035208	2	2	1	1	0	13
chr4	1035355	1035403	2	2	1	1	0	31
chr4	1035979	1036050	2	2	1	1	0	14
chr4	1036247	1037001	2	2	1	2	0	25
chr4	1039336	1039395	2	2	1	2	0	23
chr4	1040642	1042867	2	2	1	1	0	24
chr4	1052580	1053532	1	1	1	3	0	36
chr4	1053845	1053897	1	1	1	1	0	22
chr4	1058049	1058101	2	2	1	1	0	5
chr4	1078380	1078432	2	2	1	1	0	31
chr4	1078782	1078835	2	2	1	1	0	16
chr4	1079915	1080044	2	2	1	1	0	36
chr4	1080463	1081038	2	2	1	3	0	36
chr4	1136706	1136951	2	2	1	2	0	18
chr4	1137083	1137140	2	2	1	1	0	22
chr4	1139644	1140562	2	2	1	2	0	21
chr4	1140674	1140731	2	2	1	3	0	28
chr4	1193657	1193709	2	2	1	1	0	9
chr4	1193830	1194431	2	2	1	2	0	24
chr4	1194724	1194784	2	2	1	2	0	35
chr4	1213279	1213331	2	2	1	1	0	6
chr4	1213397	1214185	2	2	1	1	0	4
chr4	1214486	1216053	2	2	1	1	0	16
chr4	1216718	1216790	2	2	1	1	0	8
chr4	1223751	1223801	1	1	1	1	0	21
chr4	1223922	1223985	1	1	1	1	0	22
chr4	1224415	1225216	1	1	1	1	0	14
chr4	1225377	1225433	1	1	1	1	0	27
chr4	1230573	1230624	2	2	1	1	0	10
chr4	1233845	1234031	2	2	1	1	0	7
chr4	1249410	1249477	1	1	1	1	0	32
chr4	1327372	1327860	1	1	0	0	1	32
chr4	1327372	1328200	1	1	0	0	1	32
chr4	1327372	1340842	1	1	0	0	1	32
chr4	1327372	1341182	1	1	0	0	1	32
chr4	1329120	1335897	1	1	0	0	1	33
chr4	1329120	1337732	1	1	0	0	1	33
chr4	1329120	1348879	1	1	0	0	1	33
chr4	1329120	1350554	1	1	0	0	1	33
chr4	1340354	1340842	1	1	0	0	1	32
chr4	1340354	1341182	1	1	0	0	1	32
chr4	1342102	1348879	1	1	0	0	1	33
